0 0.150391 0.268994 0.173828 0.517454
0 0.247559 0.184805 0.118164 0.308008
0 0.311523 0.219713 0.105469 0.410678
0 0.419434 0.326489 0.196289 0.484600
0 0.389160 0.133470 0.059570 0.266940
0 0.386230 0.075975 0.024414 0.151951
0 0.423828 0.219713 0.048828 0.254620
0 0.474121 0.257700 0.102539 0.285421
0 0.546875 0.215606 0.134766 0.312115
0 0.600098 0.352156 0.198242 0.515400
0 0.636230 0.184805 0.102539 0.295688
0 0.669434 0.271047 0.081055 0.324435
0 0.746582 0.272074 0.129883 0.367556
0 0.955078 0.163244 0.052734 0.215606