0 0.123535 0.289625 0.182617 0.115274
0 0.123047 0.688761 0.175781 0.106628
0 0.122070 0.849424 0.140625 0.159942
0 0.131348 0.112392 0.139648 0.170029
0 0.194824 0.401297 0.192383 0.087896
0 0.203125 0.579251 0.185547 0.095101
0 0.224609 0.698847 0.173828 0.152738
0 0.233398 0.296830 0.173828 0.146974
0 0.320801 0.579251 0.213867 0.103746
0 0.308105 0.403458 0.180664 0.132565
0 0.291992 0.770173 0.134766 0.203170
0 0.321777 0.225504 0.166992 0.200288
0 0.335449 0.642651 0.180664 0.187320
0 0.349121 0.338617 0.188477 0.198847
0 0.345215 0.332133 0.166992 0.200288
0 0.390625 0.273055 0.154297 0.278098
0 0.374023 0.814841 0.093750 0.220461
0 0.380859 0.722622 0.099609 0.208934
0 0.383301 0.169308 0.096680 0.217579
0 0.432129 0.779539 0.073242 0.273775
0 0.442383 0.229827 0.076172 0.327089
0 0.450684 0.833573 0.055664 0.257925
0 0.458496 0.141931 0.061523 0.231988
0 0.536133 0.833573 0.068359 0.255043
0 0.547363 0.148415 0.051758 0.247839
0 0.605957 0.280259 0.151367 0.266571
0 0.666992 0.411383 0.230469 0.105187
0 0.620117 0.731268 0.132812 0.243516
0 0.647949 0.347983 0.178711 0.197406
0 0.674805 0.580692 0.228516 0.121037
0 0.657227 0.651297 0.179688 0.175793
0 0.609375 0.804755 0.080078 0.226225
0 0.617676 0.170749 0.086914 0.229107
0 0.694824 0.773775 0.133789 0.193084
0 0.700684 0.209654 0.143555 0.188761
0 0.766602 0.692363 0.181641 0.145533
0 0.789551 0.281700 0.192383 0.125360
0 0.817871 0.588617 0.215820 0.096542
0 0.867676 0.868876 0.174805 0.178674
0 0.870605 0.121037 0.170898 0.161383
0 0.887207 0.299712 0.172852 0.106628
0 0.890137 0.698127 0.165039 0.105187